115
149
101
142
118
141
149
120
136
111
144
102
115
138
123
119
121
118
113
141
113
146
148
102
134
142
148
136
127
125
111
142
129
128
136
148
138
146
124
121
120
141
129
141
141
141
112
138
141
101
121
131
125
142
126
138
137
127
147
134
123
129
131
147
108
105
123
117
133
139
113
119
105
128
147
127
138
117
115
149
101
142
118
141
149
120
136
111
144
102
115
138
123
119
121
118
113
141
113
146
148
102
134
142
148
136
127
125
111
142
129
128
136
148
138
146
124
121
120
141
129
141
141
141
112
138
141
101
121
131
125
142
126
138
137
127
147
134
123
129
131
147
108
105
123
117
133
139
113
119
105
128
147
127
138
117
115
149
101
142
118
141
149
120
136
111
144
102
115
138
123
119
121
118
113
141
113
146
148
102
134
142
148
136
127
125
111
142
129
128
136
148
138
146
124
121
120
141
129
141
141
141
112
138
141
101
121
131
125
142
126
138
137
127
147
134
123
129
131
147
108
105
123
117
133
139
113
119
105
128
147
127
138
117
115
149
101
142
118
141
149
120
136
111
144
102
115
138
123
119
121
118
113
141
113
146
148
102
134
142
148
136
127
125
111
142
129
128
136
148
138
146
124
121
120
141
129
141
141
141
112
138
141
101
121
131
125
142
126
138
137
127
147
134
123
129
131
147
108
105
123
117
133
139
113
119
105
128
147
127
138
117
115
149
101
142
118
141
149
120
136
111
144
102
115
138
123
119
121
118
113
141
113
146
148
102
134
142
148
136
127
125
111
142
129
128
136
148
138
146
124
121
120
141
129
141
141
141
112
138
141
101
121
131
125
142
126
138
137
127
147
134
123
129
131
147
108
105
123
117
133
139
113
119
105
128
147
127
138
117
115
149
101
142
118
141
149
120
136
111
144
102
115
138
123
119
121
118
113
141
113
146
148
102
134
142
148
136
127
125
111
142
129
128
136
148
138
146
124
121
120
141
129
141
141
141
112
138
141
101
121
131
125
142
126
138
137
127
147
134
123
129
131
147
108
105
123
117
133
139
113
119
105
128
147
127
138
117
115
149
101
142
118
141
149
120
136
111
144
102
115
138
123
119
121
118
113
141
113
146
148
102
134
142
148
136
127
125
111
142
129
128
136
148
138
146
124
121
120
141
129
141
141
141
112
138
141
101
121
131
125
142
126
138
137
127
147
134
123
129
131
147
108
105
123
117
133
139
113
119
105
128
147
127
138
117
115
149
101
142
118
141
149
120
136
111
144
102
115
138
123
119
121
118
113
141
113
146
148
102
134
142
148
136
127
125
111
142
129
128
136
148
138
146
124
121
120
141
129
141
141
141
112
138
141
101
121
131
125
142
126
138
137
127
147
134
123
129
131
147
108
105
123
117
133
139
113
119
105
128
147
127
138
117
115
149
101
142
118
141
149
120
136
111
144
102
115
138
123
119
121
118
113
141
113
146
148
102
134
142
148
136
127
125
111
142
129
128
136
148
138
146
124
121
120
141
129
141
141
141
112
138
141
101
121
131
125
142
126
138
137
127
147
134
123
129
131
147
108
105
123
117
133
139
113
119
105
128
147
127
138
117
115
149
101
142
118
141
149
120
136
111
144
102
115
138
123
119
121
118
113
141
113
146
148
102
134
142
148
136
127
125
111
142
129
128
136
148
138
146
124
121
120
141
129
141
141
141
112
138
141
101
121
131
125
142
126
138
137
127
147
134
123
129
131
147
108
105
123
117
133
139
113
119
105
128
147
127
138
117
115
149
101
142
118
141
149
120
136
111
144
102
115
138
123
119
121
118
113
141
113
146
148
102
134
142
148
136
127
125
111
142
129
128
136
148
138
146
124
121
120
141
129
141
141
141
112
138
141
101
121
131
125
142
126
138
137
127
147
134
123
129
131
147
108
105
123
117
133
139
113
119
105
128
147
127
138
117
115
149
101
142
118
141
149
120
136
111
144
102
115
138
123
119
121
118
113
141
113
146
148
102
134
142
148
136
127
125
111
142
129
128
136
148
138
146
124
121
120
141
129
141
141
141
112
138
141
101
121
131
125
142
126
138
137
127
147
134
123
129
131
147
108
105
123
117
133
139
113
119
105
128
147
127
138
117
115
149
101
142
118
141
149
120
136
111
144
102
115
138
123
119
121
118
113
141
113
146
148
102
134
142
148
136
127
125
111
142
129
128
136
148
138
146
124
121
120
141
129
141
141
141
112
138
141
101
121
131
125
142
126
138
137
127
147
134
123
129
131
147
108
105
123
117
133
139
113
119
105
128
147
127
138
117
115
149
101
142
118
141
149
120
136
111
144
102
115
138
123
119
121
118
113
141
113
146
148
102
134
142
148
136
127
125
111
142
129
128
136
148
138
146
124
121
120
141
129
141
141
141
112
138
141
101
121
131
125
142
126
138
137
127
147
134
123
129
131
147
108
105
123
117
133
139
113
119
105
128
147
127
138
117
115
149
101
142
118
141
149
120
136
111
144
102
115
138
123
119
121
118
113
141
113
146
148
102
134
142
148
136
127
125
111
142
129
128
136
148
138
146
124
121
120
141
129
141
141
141
112
138
141
101
121
131
125
142
126
138
137
127
147
134
123
129
131
147
108
105
123
117
133
139
113
119
105
128
147
127
138
117
115
149
101
142
118
141
149
120
136
111
144
102
115
138
123
119
121
118
113
141
113
146
148
102
134
142
148
136
127
125
111
142
129
128
136
148
138
146
124
121
120
141
129
141
141
141
112
138
141
101
121
131
125
142
126
138
137
127
147
134
123
129
131
147
108
105
123
117
133
139
113
119
105
128
147
127
138
117
115
149
101
142
118
141
149
120
136
111
144
102
115
138
123
119
121
118
113
141
113
146
148
102
134
142
148
136
127
125
111
142
129
128
136
148
138
146
124
121
120
141
129
141
141
141
112
138
141
101
121
131
125
142
126
138
137
127
147
134
123
129
131
147
108
105
123
117
133
139
113
119
105
128
147
127
138
117
115
149
101
142
118
141
149
120
136
111
144
102
115
138
123
119
121
118
113
141
113
146
148
102
134
142
148
136
127
125
111
142
129
128
136
148
138
146
124
121
120
141
129
141
141
141
112
138
141
101
121
131
125
142
126
138
137
127
147
134
123
129
131
147
108
105
123
117
133
139
113
119
105
128
147
127
138
117
115
149
101
142
118
141
149
120
136
111
144
102
115
138
123
119
121
118
113
141
113
146
148
102
134
142
148
136
127
125
111
142
129
128
136
148
138
146
124
121
120
141
129
141
141
141
112
138
141
101
121
131
125
142
126
138
137
127
147
134
123
129
131
147
108
105
123
117
133
139
113
119
105
128
147
127
138
117
115
149
101
142
118
141
149
120
136
111
144
102
115
138
123
119
121
118
113
141
113
146
148
102
134
142
148
136
127
125
111
142
129
128
136
148
138
146
124
121
120
141
129
141
141
141
112
138
141
101
121
131
125
142
126
138
137
127
147
134
123
129
131
147
108
105
123
117
133
139
113
119
105
128
147
127
138
117
115
149
101
142
118
141
149
120
136
111
144
102
115
138
123
119
121
118
113
141
113
146
148
102
134
142
148
136
127
125
111
142
129
128
136
148
138
146
124
121
120
141
129
141
141
141
112
138
141
101
121
131
125
142
126
138
137
127
147
134
123
129
131
147
108
105
123
117
133
139
113
119
105
128
147
127
138
117

